1.7901650667190552 0.9154796600341797
1.3507053852081299 1.0050699710845947
1.5305382013320923 0.8998004198074341
1.2868833541870117 0.9978713989257812
1.0944392681121826 0.9333705306053162
1.3217146396636963 1.0178378820419312
1.255458950996399 1.0262266397476196
1.459997534751892 0.8875914812088013
1.3533263206481934 0.9755308032035828
1.4811726808547974 0.9859296679496765
1.4116742610931396 0.9169886112213135
1.3373019695281982 1.0040191411972046
1.0352569818496704 1.0076408386230469
1.2945419549942017 1.1155647039413452
###Depth finished!
1.587507724761963 0.6342132687568665
1.1516070365905762 0.6354665160179138
1.1023629903793335 0.6301770210266113
1.098105788230896 0.6110851168632507
1.0531444549560547 0.6268654465675354
1.00279700756073 0.6517909169197083
1.0132476091384888 0.6525778770446777
1.0339815616607666 0.6606370806694031
###Depth finished!
1.1570565700531006 1.6682380437850952
0.8517659902572632 1.8598098754882812
0.8012645840644836 1.5027257204055786
0.8042932748794556 1.457169532775879
0.7600647807121277 1.1237937211990356
0.6512267589569092 1.3083058595657349
0.5649949908256531 1.3964202404022217
0.5133392810821533 1.5139796733856201
0.5167328119277954 1.5754976272583008
0.4811161756515503 1.6690365076065063
0.4960499405860901 1.5025579929351807
0.5471625328063965 1.5133320093154907
0.5212078094482422 1.4255409240722656
0.4615510404109955 1.636642575263977
###Depth finished!
2.358687400817871 0.8853059411048889
1.2172586917877197 0.8916832208633423
1.0514347553253174 0.8648878335952759
0.8925325274467468 0.8349693417549133
0.8295563459396362 0.9572903513908386
0.7695690989494324 0.9334118366241455
0.7511298656463623 1.0399831533432007
0.7340216040611267 1.0146031379699707
0.7450238466262817 1.1258491277694702
0.705557107925415 1.1475945711135864
0.7181183695793152 1.2064807415008545
0.6612144708633423 1.115148901939392
0.7181416153907776 1.2184853553771973
0.6185755729675293 1.2281982898712158
###Depth finished!
1.8280073404312134 0.9776429533958435
1.4951579570770264 1.0825570821762085
1.4529825448989868 0.8970761895179749
1.5588656663894653 1.009446144104004
1.4793519973754883 0.9245085120201111
1.5581613779067993 0.8685981035232544
1.5080504417419434 0.9862691760063171
1.483454704284668 1.0749927759170532
###Depth finished!
2.231642246246338 1.301723599433899
1.5359066724777222 0.7183402180671692
1.049225926399231 0.7619062662124634
0.8903717994689941 0.740480899810791
0.8538557887077332 0.7167547345161438
0.803547203540802 0.7765114307403564
0.774405837059021 0.7926918268203735
0.7189945578575134 0.8901664614677429
0.7465636730194092 0.8997385501861572
0.70917809009552 0.9692341685295105
0.7229007482528687 0.9298828840255737
0.7207427024841309 1.0508131980895996
0.6918593645095825 0.9885959029197693
0.7162295579910278 1.24013352394104
###Depth finished!
1.016586422920227 1.1067862510681152
0.8828750848770142 0.8204053640365601
0.7415687441825867 0.9127354621887207
0.6207616925239563 0.9823706150054932
0.6027083396911621 0.9744706749916077
0.5199994444847107 1.1344072818756104
0.4970538318157196 1.2530269622802734
0.4243687093257904 1.364738941192627
0.4045265316963196 1.5287493467330933
0.36664897203445435 1.6791211366653442
0.37732183933258057 1.7323054075241089
0.3353970944881439 1.8505319356918335
0.3817223608493805 1.890021562576294
0.30293211340904236 2.2691714763641357
###Depth finished!
1.0589548349380493 0.9705731868743896
0.8433811068534851 0.8877719640731812
0.7627788186073303 0.7952061295509338
0.7356781363487244 0.7711492776870728
0.6762743592262268 0.8379203677177429
0.6758059859275818 0.811001181602478
0.6473026275634766 0.8169604539871216
0.6758317947387695 0.8280545473098755
###Depth finished!
1.6562466621398926 1.542420506477356
1.5923495292663574 0.9286730289459229
1.433333158493042 0.8738592267036438
1.28389310836792 0.8260977268218994
1.1949114799499512 0.9187788367271423
1.0944886207580566 0.9496384263038635
0.9911997318267822 0.94502854347229
0.873690664768219 1.0055898427963257
0.8084374666213989 1.1479331254959106
0.7963790893554688 1.0942909717559814
0.7486082911491394 1.0812715291976929
0.74112868309021 1.0502957105636597
0.7894020080566406 1.0186702013015747
0.8685389757156372 1.1659454107284546
###Depth finished!
1.5137383937835693 2.459136724472046
1.011935830116272 1.2631685733795166
1.1130174398422241 0.8594607710838318
1.217015027999878 0.7445046901702881
1.087378978729248 0.6019350290298462
1.0634925365447998 0.6917165517807007
0.96872478723526 0.670314610004425
0.8993269205093384 0.7171947956085205
0.8832529187202454 0.7116716504096985
0.7857593894004822 0.7214407920837402
0.7435545325279236 0.7343478202819824
0.7409910559654236 0.7210845947265625
0.7374771237373352 0.7434420585632324
0.7412405014038086 0.7150912284851074
###Depth finished!
2.218491554260254 0.5633416175842285
1.6351805925369263 0.5741521120071411
1.4919257164001465 0.628463625907898
1.2652196884155273 0.6358916759490967
1.2918751239776611 0.7359039783477783
1.3090436458587646 0.7220302820205688
1.1498416662216187 0.7942796945571899
1.1613330841064453 0.8198949694633484
###Depth finished!
1.6468042135238647 1.4716171026229858
1.3564034700393677 1.383010983467102
1.24796462059021 1.2916957139968872
1.2099424600601196 1.1665668487548828
1.2071304321289062 1.1952991485595703
1.1531810760498047 1.1836388111114502
1.1605427265167236 1.1727348566055298
1.1037238836288452 1.3937777280807495
1.0536142587661743 1.5398452281951904
1.0480204820632935 1.4548228979110718
1.0801860094070435 1.3291469812393188
0.998477578163147 1.3977210521697998
0.9525862336158752 1.3566066026687622
0.8904806971549988 1.5830551385879517
###Depth finished!
